140
5.1
0 0 0
2 1 0
8 0 0 
10 1 0
16 0 0
18 1 0
24 0 0
26 1 2
32 2 0
32.5 1 0
33 0 0
33.5 2 0
34 1 0
34.5 0 0
35 2 0
35.5 1 0
36 0 1
36.2 1 1
36.4 2 1
40 2 0
40.5 1 0
41 0 0
41.5 2 0
42 1 0
42.5 0 0
43 2 0
43.5 1 0
44 0 1
44.2 1 1
44.4 2 1
48 2 0
48.5 1 0
49 0 0
49.5 2 0
50 1 0
50.5 0 0
51 2 0
51.5 1 0
52 0 1
52.2 1 1
52.4 2 1
56 2 0
56.5 1 0
57 0 0
57.5 2 0
58 1 0
58.5 0 0
59 2 0
59.5 1 0
60 0 1
60.2 1 1
60.4 2 2
65 3 0
65.5 2 0
66 1 0
66.5 0 0
67 2 0
67.5 1 0
68 0 0
68.5 2 0
69 1 0
69 3 0
69.5 0 0
70 2 0
70.5 1 0
71 0 0
71.5 2 0
72 1 0
72.5 0 0
73 2 0
73 3 0
73.5 1 0
74 0 0
74.5 2 0
75 1 0
75.5 0 0
76 2 0
76.5 1 0
77 0 1
77.2 1 1
77.4 2 1
77.6 3 1